13815	1
13689	1
120229	1
13691	1
13841	1
13845	1
120239	1
13847	1
13855	1
120245	1
120247	1
13861	1
120251	1
13863	1
13865	1
120289	1
13867	1
120309	1
13869	1
120325	1
120341	1
13875	1
120345	1
120349	1
120357	1
13693	1
13663	1
13881	1
13885	1
120431	1
120433	1
13701	1
120437	1
120441	1
13889	1
120447	1
13703	1
13705	1
120455	1
13651	1
120520	1
13711	1
120524	1
13713	1
13715	1
120530	1
13935	1
13717	1
13723	1
120542	1
120546	1
120548	1
120550	1
120552	1
120554	1
120556	1
120558	1
13947	1
120564	1
120570	1
13731	1
13953	1
120618	1
13733	1
120622	1
120624	1
13957	1
120628	1
13735	1
120636	1
120638	1
120640	1
13737	1
120698	1
13973	1
120706	1
13975	1
120716	1
13739	1
120720	1
13653	1
120730	1
120732	1
13745	1
13673	1
13751	1
14005	1
14007	1
120885	1
120889	1
14009	1
120899	1
14011	1
14013	1
14015	1
120925	1
120929	1
120959	1
14017	1
121009	1
121017	1
121019	1
121023	1
14019	1
121027	1
14021	1
121031	1
14023	1
121035	1
121037	1
14025	1
14029	1
121045	1
14031	1
14039	1
14041	1
14043	1
14081	1
14083	1
14085	1
13753	1
121282	1
14089	1
121294	1
121296	1
121298	1
13755	1
121302	1
14093	1
121306	1
14095	1
14097	1
13757	1
13759	1
14533	1
121320	1
121322	1
14539	1
120131	1
13655	1
120153	1
13765	1
13767	1
13769	1
13771	1
13775	1
13777	1
120181	1
13657	1
13797	1
120201	1
13659	1
120205	1
13685	1
13805	1
13807	1
13809	1
13307	1
121324	1
173	1
213	1
217	1
229	1
279	1
285	1
13435	1
13473	1
13525	1
13661	1
13665	1
13671	1
13677	1
13681	1
13683	1
13687	1
13697	1
13707	1
13743	1
13749	1
13761	1
13789	1
13799	1
13801	1
13813	1
13821	1
13837	1
13877	1
13879	1
13887	1
13903	1
13917	1
13921	1
13923	1
13929	1
13931	1
13939	1
13945	1
13951	1
13955	1
13967	1
13969	1
13977	1
13979	1
13981	1
13985	1
13997	1
14087	1
14091	1
14431	1
14531	1
120151	1
120155	1
120157	1
120161	1
120171	1
120173	1
120179	1
120195	1
120199	1
120203	1
120207	1
120209	1
120211	1
120213	1
120221	1
120225	1
120227	1
120233	1
120235	1
120237	1
120241	1
120243	1
120249	1
120253	1
120287	1
120293	1
120317	1
120343	1
120365	1
120371	1
120419	1
120427	1
120435	1
120443	1
120449	1
120453	1
120518	1
120522	1
120526	1
120528	1
120532	1
120534	1
120536	1
120562	1
120572	1
120590	1
120620	1
120626	1
120630	1
120692	1
120704	1
120712	1
120718	1
120724	1
120744	1
120748	1
120871	1
120873	1
120875	1
120897	1
120901	1
120903	1
120909	1
120961	1
121025	1
121029	1
121033	1
121039	1
121043	1
121047	1
121063	1
121129	1
121141	1
121188	1
121208	1
121278	1
121280	1
121286	1
121300	1
121304	1
121308	1
121312	1
121314	1
121316	1
121318	1
171	1
121330	-1
39	-1
41	-1
13639	-1
13641	-1
13645	-1
13647	-1
13763	-1
14099	-1
14101	-1
14103	-1
14105	-1
14107	-1
14111	-1
14113	-1
14115	-1
14117	-1
14123	-1
14131	-1
14133	-1
14135	-1
14139	-1
14143	-1
14147	-1
14159	-1
14161	-1
14163	-1
14167	-1
14169	-1
14171	-1
14173	-1
14175	-1
14177	-1
14179	-1
14181	-1
14183	-1
14185	-1
14203	-1
14215	-1
14223	-1
14225	-1
14227	-1
14229	-1
14231	-1
14243	-1
14247	-1
14253	-1
14255	-1
14257	-1
14263	-1
14269	-1
14271	-1
14273	-1
14285	-1
14341	-1
14345	-1
14347	-1
14353	-1
14355	-1
14357	-1
14359	-1
14361	-1
14363	-1
14365	-1
14367	-1
14369	-1
14371	-1
14373	-1
14377	-1
14379	-1
14381	-1
14415	-1
14443	-1
14445	-1
14447	-1
14449	-1
14457	-1
14473	-1
14481	-1
14483	-1
14485	-1
14487	-1
14491	-1
14497	-1
14535	-1
120119	-1
120121	-1
120123	-1
120127	-1
120129	-1
120133	-1
120159	-1
120165	-1
120167	-1
120185	-1
120255	-1
120259	-1
120263	-1
120265	-1
120267	-1
120269	-1
120277	-1
120291	-1
120295	-1
120311	-1
120327	-1
120331	-1
120353	-1
120373	-1
120375	-1
120377	-1
120395	-1
120397	-1
120403	-1
120405	-1
120413	-1
120417	-1
120421	-1
120425	-1
120439	-1
120544	-1
120568	-1
120582	-1
120592	-1
120594	-1
120596	-1
120598	-1
120600	-1
120602	-1
120604	-1
120606	-1
120608	-1
120610	-1
120612	-1
120614	-1
120616	-1
120646	-1
120648	-1
120650	-1
120652	-1
120654	-1
120656	-1
120664	-1
120666	-1
120668	-1
120674	-1
120676	-1
120678	-1
120682	-1
120686	-1
120688	-1
120738	-1
120752	-1
120756	-1
120758	-1
120762	-1
120764	-1
120766	-1
120772	-1
120774	-1
120778	-1
120784	-1
120786	-1
120796	-1
120798	-1
120802	-1
120810	-1
120819	-1
120823	-1
120825	-1
120837	-1
120847	-1
120853	-1
120857	-1
120859	-1
120861	-1
120865	-1
120867	-1
120869	-1
120915	-1
120921	-1
120937	-1
120941	-1
120943	-1
120945	-1
120947	-1
120951	-1
120955	-1
120963	-1
120969	-1
120971	-1
120987	-1
120993	-1
121003	-1
121011	-1
121013	-1
121049	-1
121053	-1
121055	-1
121057	-1
121059	-1
121079	-1
121081	-1
121085	-1
121091	-1
121095	-1
121097	-1
121099	-1
121109	-1
121115	-1
121117	-1
121123	-1
121125	-1
121145	-1
121156	-1
121162	-1
121176	-1
121190	-1
121192	-1
121194	-1
121196	-1
121206	-1
121228	-1
121236	-1
121238	-1
121242	-1
121254	-1
121256	-1
121292	-1
37	-1
45	-1
51	-1
53	-1
55	-1
57	-1
63	-1
73	-1
79	-1
91	-1
97	-1
99	-1
105	-1
107	-1
113	-1
117	-1
125	-1
133	-1
135	-1
137	-1
139	-1
141	-1
143	-1
147	-1
149	-1
153	-1
159	-1
175	-1
199	-1
201	-1
209	-1
211	-1
215	-1
219	-1
221	-1
223	-1
225	-1
245	-1
251	-1
269	-1
275	-1
281	-1
283	-1
287	-1
291	-1
299	-1
301	-1
307	-1
311	-1
317	-1
335	-1
341	-1
345	-1
375	-1
395	-1
397	-1
399	-1
407	-1
409	-1
411	-1
413	-1
421	-1
427	-1
429	-1
437	-1
449	-1
453	-1
455	-1
459	-1
463	-1
469	-1
471	-1
473	-1
507	-1
515	-1
519	-1
525	-1
527	-1
529	-1
531	-1
533	-1
535	-1
537	-1
541	-1
545	-1
547	-1
548	-1
560	-1
562	-1
566	-1
568	-1
574	-1
584	-1
590	-1
596	-1
600	-1
602	-1
604	-1
606	-1
610	-1
614	-1
620	-1
622	-1
624	-1
632	-1
634	-1
640	-1
644	-1
646	-1
12999	-1
13003	-1
13005	-1
13011	-1
13013	-1
13015	-1
13017	-1
13019	-1
13023	-1
13025	-1
13029	-1
13069	-1
13073	-1
13075	-1
13079	-1
13083	-1
13087	-1
13089	-1
13093	-1
13101	-1
13153	-1
13159	-1
13161	-1
13163	-1
13165	-1
13167	-1
13185	-1
13187	-1
13201	-1
13203	-1
13205	-1
13207	-1
13209	-1
13211	-1
13213	-1
13215	-1
13231	-1
13233	-1
13249	-1
13259	-1
13263	-1
13265	-1
13269	-1
13277	-1
13295	-1
13303	-1
13305	-1
13311	-1
13315	-1
13323	-1
13325	-1
13327	-1
13329	-1
13335	-1
13337	-1
13341	-1
13343	-1
13353	-1
13359	-1
13371	-1
13383	-1
13385	-1
13387	-1
13391	-1
13393	-1
13407	-1
13409	-1
13411	-1
13413	-1
13415	-1
13417	-1
13423	-1
13429	-1
13441	-1
13457	-1
13467	-1
13469	-1
13471	-1
13475	-1
13483	-1
13485	-1
13487	-1
13489	-1
13491	-1
13493	-1
13495	-1
13497	-1
13499	-1
13501	-1
13505	-1
13507	-1
13509	-1
13511	-1
13545	-1
13557	-1
13585	-1
13595	-1
13597	-1
13601	-1
13605	-1
13607	-1
13609	-1
13611	-1
13613	-1
13615	-1
13623	-1
13627	-1
13629	-1
13633	-1
13637	-1
43	-1
120275	-1
120841	-1
120279	-1
120281	-1
120843	-1
120845	-1
65	-1
69	-1
71	-1
120303	-1
121210	-1
120319	-1
120323	-1
121111	-1
120329	-1
121113	-1
120333	-1
120337	-1
121	-1
120351	-1
127	-1
13583	-1
121214	-1
120367	-1
120369	-1
13599	-1
121222	-1
13603	-1
120863	-1
121119	-1
120379	-1
167	-1
120385	-1
185	-1
195	-1
120389	-1
120391	-1
120393	-1
121121	-1
121266	-1
120399	-1
120401	-1
121232	-1
120919	-1
237	-1
13643	-1
120407	-1
267	-1
120411	-1
273	-1
13649	-1
13699	-1
121133	-1
13773	-1
289	-1
13783	-1
13793	-1
13919	-1
13949	-1
13983	-1
14037	-1
120415	-1
120923	-1
343	-1
120927	-1
120423	-1
120933	-1
120935	-1
120445	-1
120451	-1
120457	-1
120540	-1
14125	-1
14127	-1
14129	-1
121137	-1
120566	-1
443	-1
120939	-1
14137	-1
120576	-1
14141	-1
121139	-1
465	-1
120586	-1
120588	-1
121234	-1
121146	-1
14165	-1
121148	-1
120949	-1
121150	-1
121154	-1
120957	-1
121268	-1
120967	-1
121160	-1
121270	-1
120975	-1
14193	-1
14197	-1
14201	-1
120979	-1
14207	-1
120634	-1
14221	-1
120642	-1
120985	-1
121164	-1
120989	-1
121168	-1
120995	-1
121001	-1
14249	-1
14251	-1
120658	-1
120660	-1
120662	-1
14259	-1
14261	-1
121174	-1
14265	-1
14267	-1
121005	-1
13001	-1
121007	-1
120670	-1
13007	-1
14275	-1
14279	-1
14281	-1
14283	-1
120672	-1
13021	-1
14339	-1
121272	-1
13027	-1
121178	-1
13031	-1
13033	-1
121021	-1
13071	-1
120680	-1
121182	-1
120684	-1
13081	-1
121051	-1
121184	-1
120710	-1
13091	-1
120714	-1
120736	-1
121186	-1
120740	-1
120742	-1
14375	-1
120750	-1
121250	-1
13179	-1
13183	-1
120754	-1
121276	-1
121067	-1
121069	-1
121071	-1
121073	-1
14451	-1
120768	-1
14461	-1
14463	-1
120770	-1
14475	-1
14477	-1
13255	-1
121288	-1
13261	-1
121260	-1
120776	-1
121198	-1
13271	-1
120780	-1
121087	-1
13301	-1
14527	-1
121089	-1
14543	-1
13313	-1
14545	-1
14547	-1
120113	-1
120117	-1
121200	-1
13331	-1
121093	-1
120800	-1
13339	-1
121202	-1
121204	-1
13345	-1
120814	-1
13357	-1
120135	-1
120143	-1
120149	-1
120816	-1
120163	-1
121262	-1
121101	-1
120175	-1
120177	-1
120183	-1
121103	-1
120189	-1
120193	-1
120829	-1
120831	-1
120261	-1
13451	-1
120833	-1
13459	-1
13461	-1
120835	-1
121105	-1
120839	-1
120273	-1
13477	-1
572	0
578	0
582	0
586	0
588	0
592	0
120470	0
120476	0
120478	0
120480	0
120486	0
120488	0
120494	0
120502	0
594	0
120510	0
120512	0
120514	0
598	0
608	0
120580	0
612	0
626	0
14121	0
638	0
642	0
120696	0
13009	0
13035	0
120708	0
13067	0
120726	0
67	0
14217	0
441	0
120760	0
120782	0
14277	0
120790	0
120792	0
466	0
14295	0
120806	0
120808	0
120812	0
468	0
475	0
120827	0
120849	0
14337	0
14349	0
14351	0
120891	0
14411	0
13241	0
14537	0
120911	0
13251	0
481	0
485	0
493	0
495	0
120981	0
13389	0
499	0
509	0
120999	0
13453	0
120191	0
121061	0
511	0
121075	0
521	0
120219	0
550	0
552	0
120271	0
13635	0
121166	0
121170	0
121172	0
13667	0
554	0
121224	0
121226	0
121230	0
556	0
13679	0
558	0
120335	0
564	0
570	0
121274	0
13803	0
59	0
120877	0
120881	0
120893	0
120895	0
120907	0
120913	0
120931	0
120965	0
120973	0
120977	0
120983	0
120991	0
120997	0
121015	0
121041	0
121065	0
121077	0
121107	0
121127	0
121131	0
121152	0
121158	0
121180	0
121216	0
121240	0
121244	0
121246	0
121252	0
121258	0
121264	0
121284	0
121310	0
203	0
239	0
305	0
381	0
13077	0
13085	0
13181	0
13199	0
13239	0
13253	0
13257	0
13267	0
13309	0
13433	0
13449	0
13455	0
13463	0
13465	0
13617	0
13669	0
13675	0
13695	0
13709	0
13721	0
13817	0
13839	0
13843	0
13859	0
13871	0
13883	0
13965	0
14027	0
14035	0
14109	0
14119	0
14157	0
14199	0
14205	0
14209	0
14211	0
14213	0
14233	0
14291	0
14297	0
14327	0
14479	0
14541	0
120115	0
120125	0
120137	0
120139	0
120141	0
120145	0
120147	0
120187	0
120215	0
120217	0
120223	0
120257	0
120283	0
120285	0
120297	0
120299	0
120301	0
120315	0
120339	0
120347	0
120355	0
120359	0
120361	0
120381	0
120383	0
120387	0
120409	0
120504	0
120538	0
120574	0
120584	0
120632	0
120644	0
120690	0
120694	0
120700	0
120702	0
120722	0
120728	0
120734	0
120746	0
120788	0
120794	0
120804	0
120817	0
120821	0
120855	0
